20
366
0
160
242
161
176
77
151
226
244
241
234
380
10
193
253
329
80
199
374
=
0 19 75
0 15 140
0 16 118
1 5 211
1 17 85
1 6 90
1 13 101
2 14 146
2 13 138
2 3 120
3 10 75
4 7 86
5 15 99
5 1 211
6 1 90
7 17 98
7 4 86
8 11 87
8 18 92
9 16 111
9 10 70
10 9 70
10 3 75
11 8 87
12 15 151
12 19 71
13 14 97
13 1 101
13 2 138
14 15 80
14 13 97
14 2 146
15 12 151
15 5 99
15 14 80
15 0 140
16 0 118
16 9 111
17 18 142
17 7 98
17 1 85
18 8 92
18 17 142
19 12 71
19 0 75